(115, 407), (988, 687), (934, 409), (57, 684) 
(104, 418), (989, 678), (929, 401), (60, 703) 
(106, 419), (989, 673), (926, 396), (59, 704) 
(102, 426), (992, 664), (923, 392), (59, 712) 
(99, 431), (993, 658), (918, 385), (62, 721) 
(94, 437), (994, 650), (915, 381), (63, 729) 
(93, 446), (993, 644), (909, 374), (70, 735) 
(90, 452), (995, 635), (904, 369), (73, 743) 
(85, 458), (996, 629), (900, 364), (75, 747) 
(83, 463), (996, 621), (895, 359), (76, 758) 
(80, 472), (996, 613), (892, 356), (83, 767) 
(77, 479), (996, 606), (882, 350), (90, 774) 
(75, 486), (996, 600), (878, 345), (91, 782) 
(72, 493), (996, 593), (877, 340), (93, 790) 
(70, 499), (996, 587), (869, 336), (97, 797) 
(68, 506), (995, 579), (866, 331), (103, 804) 
(65, 515), (995, 574), (859, 327), (105, 812) 
(64, 520), (994, 566), (857, 322), (110, 819) 
(62, 527), (993, 560), (851, 318), (116, 826) 
(60, 535), (992, 552), (848, 313), (118, 834) 
(59, 542), (991, 546), (842, 309), (123, 841) 
(57, 550), (989, 538), (837, 305), (128, 848) 
(56, 556), (988, 532), (832, 301), (133, 855) 
(55, 564), (986, 524), (824, 298), (139, 862) 
(54, 571), (984, 517), (819, 294), (143, 869) 
(53, 578), (983, 512), (814, 290), (149, 876) 
(52, 586), (981, 505), (810, 286), (154, 883) 
(52, 593), (979, 499), (802, 283), (161, 889) 
(51, 602), (977, 493), (798, 279), (167, 896) 
(51, 608), (974, 485), (792, 276), (174, 902) 
(51, 616), (972, 479), (788, 272), (179, 909) 
(51, 624), (969, 473), (781, 269), (186, 915) 
(51, 632), (967, 467), (775, 266), (194, 921) 
(51, 640), (964, 461), (769, 263), (199, 928) 
(52, 647), (961, 454), (763, 260), (208, 933) 
(53, 654), (958, 448), (757, 257), (215, 939) 
(53, 663), (955, 442), (752, 254), (221, 945) 
(54, 670), (952, 436), (746, 251), (229, 951) 
(55, 679), (949, 431), (738, 249), (237, 956) 
(57, 686), (945, 424), (733, 246), (244, 962) 
(58, 694), (942, 419), (728, 243), (252, 967) 
(60, 701), (939, 414), (721, 241), (261, 972) 
(62, 708), (935, 408), (714, 239), (269, 977) 
(64, 716), (931, 402), (707, 237), (277, 982) 
(66, 724), (927, 396), (702, 234), (284, 987) 
(68, 732), (923, 391), (696, 232), (294, 991) 
(71, 739), (919, 386), (690, 230), (303, 995) 
(73, 748), (915, 380), (684, 228), (311, 1000) 
(76, 755), (911, 375), (676, 227), (320, 1004) 
(79, 762), (907, 370), (670, 225), (329, 1008) 
(82, 770), (902, 365), (664, 223), (339, 1011) 
(86, 777), (898, 360), (658, 221), (348, 1015) 
(89, 786), (894, 356), (651, 220), (357, 1019) 
(93, 792), (889, 350), (644, 219), (367, 1022) 
(97, 800), (884, 346), (638, 217), (376, 1025) 
(101, 807), (880, 342), (631, 216), (385, 1028) 
(105, 815), (875, 336), (624, 215), (395, 1031) 
(109, 823), (870, 332), (618, 214), (405, 1033) 
(114, 829), (865, 327), (611, 213), (415, 1036) 
(119, 836), (860, 323), (605, 212), (425, 1038) 
(124, 843), (855, 319), (598, 211), (435, 1040) 
(129, 850), (850, 315), (592, 210), (444, 1042) 
(134, 858), (845, 310), (586, 209), (454, 1044) 
(139, 865), (839, 306), (579, 209), (465, 1045) 
(145, 871), (834, 302), (573, 208), (475, 1046) 
(151, 877), (829, 298), (566, 208), (484, 1048) 
(156, 886), (823, 294), (558, 208), (495, 1048) 
(163, 891), (818, 292), (553, 207), (506, 1049) 
(169, 897), (812, 287), (546, 207), (515, 1050) 
(175, 905), (807, 284), (540, 207), (526, 1050) 
(182, 910), (801, 280), (533, 207), (537, 1050) 
(188, 919), (795, 276), (527, 207), (547, 1050) 
(195, 924), (790, 275), (518, 208), (557, 1050) 
(202, 930), (784, 270), (512, 208), (566, 1050) 
(210, 934), (778, 267), (506, 208), (577, 1049) 
(217, 940), (772, 264), (499, 209), (588, 1048) 
(225, 944), (766, 261), (493, 209), (598, 1047) 
(232, 952), (760, 258), (486, 210), (608, 1046) 
(240, 956), (754, 255), (479, 211), (617, 1045) 
(248, 961), (748, 252), (472, 212), (628, 1043) 
(256, 966), (742, 250), (467, 212), (637, 1042) 
(264, 972), (736, 248), (460, 213), (647, 1040) 
(272, 978), (730, 245), (452, 215), (657, 1038) 
(281, 979), (724, 243), (446, 216), (668, 1035) 
(289, 986), (718, 242), (440, 217), (677, 1033) 
(298, 989), (711, 237), (434, 218), (687, 1030) 
(307, 991), (705, 236), (426, 220), (696, 1028) 
(315, 1000), (697, 232), (420, 221), (706, 1025) 
(324, 1005), (690, 231), (414, 223), (714, 1022) 
(333, 1011), (683, 230), (408, 224), (725, 1018) 
(345, 1015), (679, 228), (401, 226), (734, 1015) 
(395, 229), (745, 1001), (671, 226), (353, 1016) 
(387, 230), (753, 1004), (664, 223), (362, 1017) 
(379, 235), (763, 999), (659, 223), (374, 1025) 
(374, 236), (772, 991), (650, 219), (386, 1028) 
(368, 237), (781, 990), (640, 218), (403, 1030) 
(361, 241), (790, 987), (629, 217), (406, 1033) 
(355, 243), (798, 979), (623, 216), (419, 1035) 
(349, 245), (807, 978), (614, 215), (424, 1038) 
(343, 247), (815, 972), (617, 213), (435, 1040) 
(337, 250), (823, 966), (603, 213), (443, 1042) 
(331, 252), (831, 962), (599, 212), (455, 1043) 
(325, 255), (839, 957), (593, 211), (464, 1045) 
(319, 258), (847, 952), (590, 210), (475, 1046) 
(313, 260), (855, 948), (584, 209), (486, 1047) 
(307, 264), (862, 940), (575, 209), (496, 1048) 
(301, 267), (870, 936), (572, 208), (505, 1049) 
(295, 270), (876, 928), (564, 208), (514, 1050) 
(289, 274), (884, 924), (556, 208), (525, 1050) 
(284, 276), (890, 916), (552, 207), (536, 1050) 
(278, 280), (897, 910), (545, 207), (546, 1050) 
(272, 284), (904, 905), (538, 207), (556, 1050) 
(267, 287), (910, 898), (532, 207), (565, 1050) 
(261, 292), (916, 891), (526, 207), (576, 1049) 
(256, 294), (923, 886), (517, 208), (587, 1048) 
(250, 298), (928, 878), (511, 208), (595, 1048) 
(245, 302), (934, 871), (503, 209), (607, 1046) 
(240, 306), (940, 865), (497, 209), (616, 1045) 
(234, 310), (945, 858), (492, 209), (625, 1044) 
(229, 314), (950, 850), (486, 210), (636, 1042) 
(224, 318), (955, 843), (477, 211), (646, 1040) 
(219, 323), (960, 836), (471, 212), (656, 1038) 
(214, 327), (965, 830), (464, 213), (665, 1036) 
(209, 332), (970, 823), (457, 214), (676, 1033) 
(204, 336), (974, 815), (451, 215), (685, 1031) 
(199, 342), (978, 807), (445, 216), (695, 1028) 
(195, 345), (982, 800), (439, 217), (705, 1025) 
(190, 350), (986, 793), (431, 219), (714, 1022) 
(185, 356), (990, 786), (425, 220), (723, 1019) 
(181, 360), (993, 777), (420, 221), (734, 1015) 
(177, 364), (997, 770), (413, 223), (742, 1012) 
(172, 370), (1000, 763), (405, 225), (751, 1008) 
(168, 375), (1003, 756), (400, 226), (761, 1004) 
(164, 380), (1006, 748), (394, 228), (769, 1000) 
(159, 387), (1008, 739), (388, 230), (779, 995) 
(156, 391), (1011, 732), (382, 232), (787, 991) 
(152, 396), (1013, 724), (376, 234), (795, 987) 
(148, 402), (1015, 716), (367, 237), (803, 982) 
(144, 408), (1017, 708), (361, 239), (813, 977) 
(140, 414), (1019, 701), (356, 241), (821, 972) 
(137, 419), (1021, 694), (350, 243), (829, 967) 
(134, 424), (1022, 685), (344, 246), (836, 962) 
(130, 430), (1024, 679), (338, 248), (845, 956) 
(127, 436), (1025, 670), (332, 251), (851, 951) 
(124, 442), (1026, 663), (326, 254), (860, 945) 
(121, 448), (1026, 654), (319, 257), (867, 939) 
(118, 454), (1027, 647), (313, 260), (875, 933) 
(115, 460), (1028, 640), (307, 263), (881, 928) 
(112, 467), (1028, 632), (302, 266), (889, 921) 
(109, 474), (1028, 624), (296, 269), (895, 915) 
(107, 479), (1028, 616), (290, 272), (901, 909) 
(105, 485), (1028, 609), (284, 276), (909, 902) 
(102, 492), (1028, 602), (279, 279), (914, 896) 
(100, 499), (1028, 595), (272, 283), (921, 889) 
(98, 505), (1027, 586), (268, 286), (927, 882) 
(96, 512), (1026, 579), (262, 290), (931, 876) 
(94, 519), (1025, 571), (256, 294), (938, 869) 
(93, 524), (1024, 564), (252, 297), (943, 862) 
(91, 532), (1023, 556), (246, 301), (949, 855) 
(90, 538), (1022, 550), (241, 305), (953, 848) 
(88, 546), (1020, 542), (236, 309), (959, 841) 
(87, 552), (1019, 535), (229, 314), (963, 834) 
(86, 560), (1017, 528), (224, 318), (968, 826) 
(85, 566), (1015, 520), (220, 322), (973, 819) 
(85, 571), (1014, 515), (214, 327), (976, 812) 
(84, 579), (1011, 506), (210, 331), (981, 804) 
(83, 587), (1009, 499), (204, 336), (985, 797) 
(83, 593), (1007, 493), (200, 340), (989, 789) 
(83, 599), (1004, 486), (196, 345), (991, 782) 
(83, 606), (1002, 480), (190, 350), (995, 774) 
(83, 613), (995, 470), (186, 355), (998, 767) 
(83, 621), (994, 464), (182, 359), (1001, 759) 
(83, 629), (992, 460), (179, 364), (1005, 751) 
(84, 635), (987, 451), (174, 369), (1006, 744) 
(84, 644), (984, 445), (168, 375), (1009, 736) 
(85, 650), (983, 439), (164, 380), (1012, 728) 
(86, 657), (979, 432), (161, 385), (1013, 721) 
(87, 664), (975, 425), (156, 391), (1016, 713) 
(89, 668), (971, 419), (152, 396), (1018, 705) 
(90, 677), (968, 414), (149, 401), (1018, 698) 
(145, 407), (1020, 690), (963, 409), (91, 686) 
(141, 413), (1023, 676), (92, 695), (960, 400) 
(135, 421), (1024, 668), (956, 398), (96, 703) 
(134, 425), (1026, 664), (941, 389), (101, 710) 
(129, 430), (1026, 653), (943, 383), (101, 716) 
(126, 437), (1027, 648), (943, 379), (102, 720) 
(123, 442), (1027, 638), (935, 372), (103, 734) 
(120, 448), (1028, 632), (934, 368), (106, 742) 
(116, 455), (1028, 624), (925, 361), (108, 748) 
(114, 462), (1028, 616), (919, 356), (111, 753) 
(111, 469), (1028, 609), (920, 350), (119, 761) 
(109, 474), (1028, 602), (913, 345), (124, 768) 
(107, 480), (1027, 594), (908, 340), (126, 775) 
(104, 487), (1027, 588), (902, 335), (129, 782) 
(102, 493), (1026, 579), (898, 330), (137, 788) 
(100, 499), (1025, 572), (893, 325), (139, 795) 
(98, 506), (1024, 564), (890, 320), (143, 802) 
(96, 512), (1023, 557), (882, 316), (145, 809) 
(94, 519), (1022, 550), (877, 311), (149, 816) 
(92, 527), (1021, 544), (874, 306), (156, 822) 
(91, 532), (1019, 536), (866, 302), (158, 829) 
(89, 540), (1017, 528), (862, 297), (165, 835) 
(88, 546), (1015, 521), (856, 293), (169, 842) 
(87, 553), (1014, 515), (850, 289), (175, 848) 
(86, 560), (1012, 508), (844, 285), (180, 854) 
(85, 567), (1009, 500), (838, 281), (186, 860) 
(84, 574), (1007, 494), (832, 277), (192, 866) 
(84, 580), (1004, 486), (827, 273), (195, 873) 
(83, 588), (1002, 480), (821, 269), (204, 878) 
(83, 594), (999, 473), (816, 265), (209, 884) 
(83, 601), (996, 466), (809, 262), (215, 890) 
(83, 608), (993, 459), (804, 258), (221, 896) 
(83, 615), (990, 453), (797, 255), (228, 901) 
(83, 622), (987, 446), (792, 251), (233, 907) 
(83, 630), (984, 440), (785, 248), (241, 912) 
(84, 636), (981, 434), (778, 245), (248, 917) 
(84, 644), (977, 427), (774, 241), (256, 922) 
(85, 652), (974, 422), (765, 239), (262, 927) 
(87, 658), (970, 415), (759, 236), (270, 932) 
(87, 666), (966, 409), (753, 233), (277, 937) 
(89, 672), (962, 403), (747, 230), (283, 942) 
(90, 680), (958, 397), (741, 227), (292, 946) 
(92, 687), (954, 391), (733, 225), (299, 951) 
(93, 695), (950, 386), (728, 222), (307, 955) 
(95, 702), (946, 380), (720, 220), (315, 959) 
(97, 709), (941, 374), (714, 218), (323, 963) 
(99, 716), (937, 368), (708, 215), (331, 967) 
(102, 723), (932, 363), (701, 213), (341, 970) 
(104, 730), (928, 358), (694, 211), (349, 974) 
(107, 737), (923, 352), (688, 209), (358, 977) 
(110, 744), (918, 347), (681, 207), (365, 981) 
(113, 751), (914, 343), (675, 205), (374, 984) 
(116, 758), (908, 336), (667, 204), (383, 987) 
(119, 766), (904, 333), (660, 202), (393, 989) 
(123, 772), (898, 326), (653, 201), (401, 992) 
(126, 780), (893, 322), (647, 199), (410, 994) 
(130, 786), (888, 318), (639, 198), (419, 997) 
(134, 793), (883, 314), (632, 197), (427, 999) 
(138, 800), (877, 308), (626, 195), (437, 1001) 
(142, 807), (872, 304), (618, 195), (447, 1002) 
(147, 812), (866, 299), (612, 193), (456, 1004) 
(151, 820), (861, 296), (604, 193), (464, 1006) 
(156, 826), (855, 290), (597, 192), (475, 1007) 
(161, 832), (849, 286), (591, 191), (483, 1008) 
(166, 839), (844, 283), (584, 190), (493, 1009) 
(171, 845), (838, 279), (576, 190), (502, 1010) 
(176, 852), (832, 274), (570, 189), (512, 1010) 
(182, 857), (826, 270), (563, 189), (521, 1011) 
(187, 865), (820, 267), (556, 189), (531, 1011) 
(193, 870), (814, 264), (548, 189), (541, 1011) 
(199, 876), (808, 260), (541, 189), (550, 1011) 
(205, 882), (802, 256), (534, 189), (559, 1011) 
(212, 886), (796, 254), (527, 189), (569, 1010) 
(218, 892), (789, 249), (520, 189), (577, 1010) 
(225, 896), (783, 246), (514, 189), (587, 1009) 
(231, 904), (777, 244), (507, 189), (597, 1008) 
(238, 909), (770, 240), (499, 190), (607, 1007) 
(245, 913), (764, 238), (492, 191), (615, 1006) 
(252, 919), (758, 235), (486, 191), (625, 1004) 
(259, 924), (751, 231), (478, 192), (634, 1003) 
(266, 930), (745, 230), (471, 193), (643, 1001) 
(274, 933), (738, 226), (466, 193), (653, 999) 
(281, 938), (732, 225), (457, 195), (661, 997) 
(289, 941), (725, 221), (453, 195), (670, 995) 
(297, 944), (718, 219), (444, 197), (680, 992) 
(305, 948), (712, 218), (436, 198), (688, 990) 
(313, 952), (705, 214), (430, 199), (697, 987) 
(321, 955), (696, 212), (423, 201), (706, 984) 
(329, 960), (690, 210), (416, 202), (715, 981) 
(337, 966), (683, 208), (409, 204), (723, 978) 
(346, 973), (676, 206), (404, 205), (732, 974) 
(395, 208), (742, 967), (670, 206), (355, 979) 
(388, 210), (750, 961), (657, 203), (364, 979) 
(381, 211), (758, 956), (632, 201), (372, 983) 
(374, 214), (766, 952), (642, 199), (386, 987) 
(367, 218), (774, 948), (634, 198), (393, 990) 
(361, 219), (782, 945), (623, 197), (408, 992) 
(354, 221), (790, 942), (617, 196), (410, 995) 
(347, 224), (798, 940), (610, 195), (421, 997) 
(341, 226), (805, 933), (612, 193), (431, 999) 
(334, 230), (813, 931), (598, 193), (439, 1001) 
(328, 231), (820, 924), (595, 192), (447, 1003) 
(321, 235), (827, 919), (589, 191), (460, 1004) 
(315, 237), (834, 914), (578, 191), (466, 1006) 
(309, 240), (841, 909), (576, 190), (476, 1007) 
(302, 244), (848, 904), (570, 189), (486, 1008) 
(296, 246), (854, 897), (562, 189), (495, 1009) 
(290, 249), (861, 893), (554, 189), (504, 1010) 
(283, 254), (867, 886), (546, 189), (515, 1010) 
(277, 256), (874, 882), (539, 189), (522, 1011) 
(271, 260), (880, 876), (532, 189), (532, 1011) 
(265, 264), (886, 870), (526, 189), (542, 1011) 
(259, 267), (891, 863), (519, 189), (551, 1011) 
(253, 271), (897, 858), (513, 189), (560, 1011) 
(247, 274), (903, 852), (508, 189), (571, 1010) 
(241, 278), (908, 846), (500, 190), (579, 1010) 
(235, 283), (913, 839), (494, 190), (588, 1009) 
(230, 286), (918, 832), (486, 191), (598, 1008) 
(224, 290), (923, 826), (478, 192), (607, 1007) 
(218, 295), (928, 820), (470, 193), (616, 1006) 
(213, 299), (932, 813), (466, 193), (626, 1004) 
(207, 304), (936, 805), (456, 195), (634, 1003) 
(202, 308), (941, 800), (452, 195), (643, 1001) 
(197, 312), (945, 793), (443, 197), (653, 999) 
(191, 318), (949, 786), (437, 198), (661, 997) 
(186, 322), (953, 780), (431, 199), (672, 994) 
(181, 326), (956, 772), (423, 201), (680, 992) 
(175, 333), (960, 766), (418, 202), (690, 989) 
(171, 336), (963, 758), (409, 204), (699, 986) 
(165, 343), (966, 751), (404, 205), (706, 984) 
(161, 347), (969, 744), (397, 207), (715, 981) 
(156, 352), (972, 737), (390, 209), (725, 977) 
(151, 358), (975, 730), (383, 211), (733, 974) 
(147, 362), (977, 723), (376, 213), (741, 970) 
(142, 368), (980, 716), (370, 215), (749, 967) 
(138, 374), (982, 709), (362, 218), (757, 963) 
(133, 380), (984, 702), (356, 220), (765, 959) 
(129, 386), (986, 695), (350, 222), (773, 955) 
(125, 391), (987, 687), (342, 225), (781, 951) 
(121, 397), (989, 680), (337, 227), (789, 946) 
(117, 403), (990, 672), (330, 230), (797, 942) 
(113, 409), (992, 666), (323, 233), (805, 937) 
(109, 415), (993, 659), (316, 236), (812, 932) 
(105, 422), (994, 652), (310, 239), (820, 927) 
(102, 427), (994, 644), (304, 242), (827, 922) 
(98, 434), (995, 637), (297, 245), (834, 917) 
(95, 440), (996, 630), (291, 248), (841, 912) 
(92, 446), (996, 623), (286, 251), (847, 907) 
(89, 452), (996, 616), (278, 255), (854, 901) 
(85, 460), (996, 608), (273, 258), (859, 896) 
(83, 466), (996, 601), (266, 262), (867, 890) 
(80, 472), (996, 594), (261, 265), (873, 884) 
(77, 480), (996, 588), (255, 269), (879, 878) 
(75, 486), (995, 580), (249, 273), (885, 872) 
(72, 493), (995, 574), (242, 277), (891, 866) 
(70, 500), (994, 567), (237, 281), (897, 860) 
(67, 508), (993, 560), (231, 285), (902, 854) 
(65, 515), (992, 553), (226, 289), (907, 848) 
(63, 522), (991, 546), (220, 293), (913, 841) 
(62, 528), (990, 541), (216, 297), (918, 835) 
(60, 536), (988, 532), (209, 302), (922, 829) 
(59, 541), (987, 527), (204, 306), (927, 822) 
(57, 550), (985, 519), (198, 311), (931, 816) 
(56, 557), (983, 512), (195, 315), (936, 809) 
(55, 564), (981, 506), (188, 320), (940, 802) 
(54, 571), (979, 499), (182, 325), (945, 795) 
(53, 579), (977, 493), (178, 330), (949, 788) 
(52, 587), (975, 487), (172, 335), (951, 782) 
(52, 593), (972, 480), (168, 340), (955, 775) 
(51, 602), (970, 474), (163, 345), (959, 768) 
(51, 609), (967, 467), (159, 350), (962, 761) 
(51, 616), (963, 461), (153, 356), (965, 754) 
(51, 624), (960, 454), (148, 361), (968, 747) 
(51, 632), (958, 449), (144, 367), (971, 740) 
(51, 640), (954, 443), (140, 372), (974, 732) 
(52, 647), (950, 436), (135, 378), (975, 726) 
(53, 653), (948, 430), (132, 383), (979, 718) 
(53, 664), (945, 424), (127, 389), (981, 711) 
(54, 672), (940, 417), (122, 395), (983, 704) 
(118, 401), (984, 696), (937, 413), (55, 681) 
